name: warroom
channels:
  - conda-forge
  - defaults
dependencies:
  - blinker=1.9.0=pyhff2d567_0
  - bzip2=1.0.8=h2466b09_7
  - ca-certificates=2025.6.15=h4c7d964_0
  - click=8.2.1=pyh7428d3b_0
  - colorama=0.4.6=pyhd8ed1ab_1
  - flask=3.1.1=pyhd8ed1ab_0
  - importlib-metadata=8.7.0=pyhe01879c_1
  - itsdangerous=2.2.0=pyhd8ed1ab_1
  - jinja2=3.1.6=pyhd8ed1ab_0
  - libexpat=2.7.0=he0c23c2_0
  - libffi=3.4.6=h537db12_1
  - liblzma=5.8.1=h2466b09_2
  - libsqlite=3.50.1=h67fdade_0
  - libzlib=1.3.1=h2466b09_2
  - markupsafe=3.0.2=py311h5082efb_1
  - openssl=3.5.0=ha4e3fda_1
  - pip=25.1.1=pyh8b19718_0
  - python=3.11.13=h3f84c4b_0_cpython
  - python_abi=3.11=7_cp311
  - setuptools=80.9.0=pyhff2d567_0
  - tk=8.6.13=h2c6b04d_2
  - tzdata=2025b=h78e105d_0
  - ucrt=10.0.22621.0=h57928b3_1
  - vc=14.3=h2b53caa_26
  - vc14_runtime=14.42.34438=hfd919c2_26
  - werkzeug=3.1.3=pyhd8ed1ab_1
  - wheel=0.45.1=pyhd8ed1ab_1
  - zipp=3.23.0=pyhd8ed1ab_0
prefix: C:\Users\long.pun\miniconda3\envs\warroom
